[17, 12, 5, 0]
[18, 13, 7, 0]
[19, 14, 7, 0]
[20, 14, 7, 0]
[21, 14, 7, 0]
[22, 14, 7, 0]
[23, 16, 7, 0]
[24, 16, 7, 0]
[25, 16, 7, 0]
[26, 16, 7, 0]
[27, 16, 7, 0]
[28, 16, 7, 0]
[29, 16, 8, 0]
[30, 16, 8, 0]
[31, 16, 8, 0]
[32, 16, 8, 0]
[33, 16, 8, 0]
[34, 16, 9, 0]
[35, 16, 9, 0]
[36, 16, 10, 0]
[37, 18, 10, 0]
[38, 21, 11, 0]
[39, 26, 11, 0]
[40, 57, 14, 0]
[41, 57, 19, 0]
[42, 129, 19, 0]
[43, 157, 27, 0]
[44, 196, 30, 0]
[45, 262, 30, 0]
[46, 534, 45, 0]
[47, 639, 51, 0]
[48, 795, 57, 0]
[49, 1112, 62, 0]
[50, 1139, 77, 2]
[51, 1296, 93, 2]
[52, 1567, 93, 3]
[53, 2369, 138, 6]
[54, 3062, 176, 6]
[55, 3795, 244, 8]
[56, 4838, 304, 12]
[57, 6012, 424, 13]
[58, 7156, 424, 13]
[59, 8198, 569, 13]
[60, 10999, 736, 20]
[61, 18323, 846, 45]
[62, 21463, 1048, 67]
[63, 24774, 1384, 94]
[64, 29212, 1432, 126]
[65, 31554, 1739, 149]
[66, 36508, 3409, 198]
[67, 42288, 3555, 253]
